-1
-5 -5
-4 -3
-3 -4
-1
20 60
20 20
80 20
80 60
79 40
79 21
21 21
21 60
-1
20 80
20 60
21 60
21 79
79 79
79 40
80 40
80 80
-1
45 50
50 45
55 50
50 55
-1
49 79
49 65
51 65
51 79
-1
49 35
49 21
51 21
51 35
-1
21 49
35 49
35 51
21 51
-1
65 49
79 49
79 51
65 51
-1
45 65
45 64
55 64
55 65
-1
45 36
45 35
55 35
55 36
-1
35 55
35 45
36 45
36 55
-1
64 55
64 45
65 45
65 55
-1
35 60
35 65
40 65
40 64
36 64
36 60
-1
35 40
35 35
40 35
40 36
36 36
36 40
-1
60 36
60 35
65 35
65 40
64 40
64 36
-1
60 65
60 64
64 64
64 60
65 60
65 65
-1
