-1
-5 -5
-4 -3
-3 -4
-1
9 45
12 38
18 40
16 50
-1
18 35
22 22
28 25
27 35
-1
29 15
38 10
42 13
33 25
-1
45 8
50 5
53 8
47 10
-1
10 68
13 68
14 73
10 75
-1
15 62
22 62
23 67
18 70
15 68
-1
25 60
27 50
35 48
30 60
28 60
-1
37 43
40 35
43 40
-1
43 31
44 28
48 28
48 30
45 32
-1
52 25
55 19
58 18
58 20
-1
62 10
68 8
72 9
65 15
-1
19 77
23 71
25 76
-1
28 68
30 65
33 67
-1
35 60
40 55
42 58
-1
42 46
45 43
48 44
46 49
43 50
-1
51 35
53 30
57 31
59 33
55 38
-1
61 28
65 22
66 29
-1
73 16
80 10
82 15
72 22
-1
28 80
33 79
30 88
25 87
-1
33 75
38 72
41 75
35 79
-1
41 68
43 65
45 65
44 69
-1
45 60
48 55
50 58
50 62
-1
54 50
58 45
60 50
55 55
-1
63 40
65 38
70 40
63 43
-1
72 30
75 28
80 29
78 33
-1
43 90
48 82
53 85
53 92
50 94
-1
55 75
59 70
65 74
62 80
54 81
-1
65 68
71 60
77 62
74 70
-1
80 52
83 42
90 45
88 51
-1